    45943      -1 30  615.608       
   515044      11 60  727.108       
  5833879      -2 60  593.445       
  6757636      -2 64  508.735       
  8192104      -5 55  613.154       
 10931148       5 69  526.452       
 14987704      -9 23  638.843       
 17354276      -9  2  521.503       
 18132575      12 56  541.669       
 18422577      -7 36  738.987       
 23582373       2 62  619.581       
 25573163       2 10  549.209       
 27397041      12 50  548.515       
 29566856       3 71  634.436       
 33156971      -9 36  963.412       
 34838197       3  2  845.405       
 38641952       1 70  553.084       
 40828970       2 24  631.079       
 42833298      -3 17  661.465       
 43860827      -3 17  576.356       
 46230356       1 62  528.523       
 48203924       8 34  889.702       
 48481890      -4 72  623.23        
 57201099      19 17  1134.13       
 60491142      -3 30  716.922       
 67323211      -1 17  615.386       
 70369967      -2 31  566.864       
 72236640       7 48  718.781       
 77620580      -2 70  591.872       
 79718005       6 47  566.103       
 88106584       7 41  516.017       
 88509400       4 48  735.153       
 91862482       6  9  544.21        
 92418293       1 69  825.337       
 92554099      -5 60  638.525       
 96029934       1  4  523.414       
 97042341       7 28  660.473       
 97873294       4  4  542.408       
 98642671      10 72  519.346       
106625618      -1 69  530.507       
108278012      -2 60  866.981       
113094618       1 29  688.481       
113573574      -8 71  551.577       
114943220      -4  4  661.343       
116299850       2  6  697.285       
116480699       7  2  519.687       
120507328       1 32  606.111       
123916626      -3 37  518.324       
125728849       3 21  550.623       
128159910       1 19  597.134       
134638920       8 35  564.225       
135980890       8 37  565.175       
136846003      -4  7  759.842       
146536954      -4 27  756.461       
148614835      -1 37  683.155       
152579052      -1  9  1051.0        
153199345      -3 27  833.01        
157358408      -3 35  657.658       
158682510      12  4  542.84        
160276833       5  7  752.641       
161409663       3 17  535.646       
163635753       9 27  667.818       
164006781      -1 69  559.645       
166435249     -11 23  568.22        
166619116      -2 31  535.361       
167889315      -3 58  752.333       
170770600      -2 60  555.672       
174047117      21 49  979.598       
174808935      -6  5  539.392       
176162019      18 52  981.888       
176516437       1 10  588.319       
177836422      15 70  740.465       
178745983       1 21  731.48        
179471222      -3 11  615.342       
180766177       4 32  565.196       
182044891       3 45  592.889       
186059026      -4 13  585.268       
187616286      -7 51  512.496       
189085935       6 61  577.256       
191955402       4 72  647.6         
194564044      19 17  1408.9        
194622280      -3 19  555.762       
196009739      -3  5  541.525       
199971826      -2 64  511.394       
204248416     -11 13  753.351       
204492181      -1  7  909.085       
206079715     -11  2  551.293       
207919907       3 62  617.873       
212410712      19 17  1300.98       
214518735       6 18  562.299       
215766378      -2 70  577.105       
219548382      -3  2  675.687       
221859414      -4 27  912.415       
224097803       8 72  682.023       
224541415      -7 66  500.602       
225163268       1 30  565.202       
233144421       6 29  555.135       
233294338      -3 39  519.755       
234732266      19 17  1996.05       
237222083      -7 68  534.388       
237419156       6  3  602.64        
244538958      -8 60  740.786       
253346980       5  9  905.121       
256790988       2 63  726.391       
257287582      -6 54  737.025       
261252731      -1 65  548.402       
261456525       4 26  636.136       
261794573      -1 20  545.868       
265064057      19 17  1016.5        
266572722      -2 54  649.766       
269043031      -1 21  573.824       
273178175       1  8  548.026       
277686867     -16  2  691.024       
278314291     -13 69  637.218       
278404546       5 64  696.361       
285329071      -1  2  839.703       
286944815      19 30  2300.51       
293568074      16 47  639.23        
297033038      19 17  879.293       
297282222       3  4  1383.88       
299045179       5 17  892.14        
305703273       1 23  706.52        
313540717      -1 17  596.796       
318541562       2 31  754.48        
323647967      10 35  752.553       
325372792       4 43  841.115       
327857552       5 71  612.045       
329196804      -6 53  554.045       
330764836       2 72  580.868       
332207801      11 62  918.168       
332320938     -11 41  542.057       
332796231      -6 29  651.925       
333130128      -8 19  532.76        
334363827     -10 31  932.323       
335571872      -7 17  587.958       
336946196      -6 63  576.758       
339883743      -3 65  646.284       
341723562       1 64  557.79        
342303927      -4  3  640.907       
345489640     -16  5  738.957       
347412684       1 43  677.283       
348532322      -4 21  590.894       
349952812      -6 60  670.094       
353179190      -2 49  537.765       
355354543       2 10  777.199       
359078542      -6 55  643.687       
362591024      -4 31  540.637       
363477364      -2 65  825.698       
366538157      -7 18  650.218       
367886709      -6 40  544.105       
367984406     -13  2  721.81        
368106041     -11 60  675.185       
372856381      -3  2  594.855       
373629013       1 29  681.841       
376566042     -12 22  568.544       
378274044      -1 31  608.295       
378854565     -26 67  2115.04       
379446902      -6 60  916.141       
382002624      19 30  1960.53       
382507486       5 69  533.47        
383632297      -2  9  823.014       
385805218      20 30  2464.05       
388470336     -10  7  628.693       
388762702      19 30  1407.19       
399378968      10 15  689.54        
401875889      -7 52  631.887       
401984940      19 30  1339.38       
