378854565     -26 67  857.433
277686867     -16  2  0.18926
345489640     -16  5  147.478
278314291     -13 69  7.62898
367984406     -13  2  5.64648
376566042     -12 22  4.36666
166435249     -11 23  19.5147
204248416     -11 13  0.237632
206079715     -11  2  20.5397
332320938     -11 41  0.115594
368106041     -11 60  7.06127
334363827     -10 31  1.05746
388470336     -10  7  6.01992
 14987704      -9 23  6.27148
 17354276      -9  2  12.7386
 33156971      -9 36  0.962231
113573574      -8 71  5.33161
244538958      -8 60  0.0590835
333130128      -8 19  9.88138
 18422577      -7 36  0.554968
187616286      -7 51  8.52168
224541415      -7 66  8.23764e-07
237222083      -7 68  6.15433e-07
335571872      -7 17  51.3877
366538157      -7 18  0.0872436
401875889      -7 52  6.93498
174808935      -6  5  15.1085
257287582      -6 54  0.346564
329196804      -6 53  13.5892
332796231      -6 29  0.319433
336946196      -6 63  5.73099
349952812      -6 60  32.0972
359078542      -6 55  48.9162
367886709      -6 40  27.3675
379446902      -6 60  28.3522
  8192104      -5 55  13.8277
 92554099      -5 60  15.4211
 48481890      -4 72  1.95963e-07
114943220      -4  4  0.643107
136846003      -4  7  7.21818
146536954      -4 27  12.3699
186059026      -4 13  3.61376e-07
221859414      -4 27  10.5959
342303927      -4  3  4.08672e-06
348532322      -4 21  9.6429
362591024      -4 31  23.6688
 42833298      -3 17  12.5896
 43860827      -3 17  15.8685
 60491142      -3 30  15.3547
123916626      -3 37  1.02574e-08
153199345      -3 27  9.88043
157358408      -3 35  107.824
167889315      -3 58  5.92573
179471222      -3 11  8.16197
194622280      -3 19  22.9622
196009739      -3  5  20.6831
219548382      -3  2  24.5338
233294338      -3 39  1.28122e-06
339883743      -3 65  13.1235
372856381      -3  2  37.8879
  5833879      -2 60  34.3987
  6757636      -2 64  8.32624
 70369967      -2 31  26.1408
 77620580      -2 70  16.9439
108278012      -2 60  20.3113
166619116      -2 31  31.0697
170770600      -2 60  44.2613
199971826      -2 64  7.16685
215766378      -2 70  2.10432e-07
266572722      -2 54  61.164
353179190      -2 49  9.4778
363477364      -2 65  1.14553e-06
383632297      -2  9  83.6646
    45943      -1 30  19.7929
 67323211      -1 17  38.4216
106625618      -1 69  25.4525
148614835      -1 37  148.928
152579052      -1  9  140.432
164006781      -1 69  18.2789
204492181      -1  7  207.54
261252731      -1 65  1.06741e-05
261794573      -1 20  24.9654
269043031      -1 21  3.16558e-07
285329071      -1  2  45.6887
313540717      -1 17  17.9225
378274044      -1 31  20.0402
 38641952       1 70  11.438
 46230356       1 62  26.226
 92418293       1 69  1.58122e-07
 96029934       1  4  16.3701
113094618       1 29  9.14113
120507328       1 32  19.5517
128159910       1 19  73.3668
176516437       1 10  23.3019
178745983       1 21  5.88917e-09
225163268       1 30  31.3125
273178175       1  8  1.75293e-06
305703273       1 23  64.5239
341723562       1 64  17.4108
347412684       1 43  131.729
373629013       1 29  156.562
 23582373       2 62  35.2565
 25573163       2 10  21.7862
 40828970       2 24  4.1505e-08
116299850       2  6  171.154
256790988       2 63  178.004
318541562       2 31  121.868
330764836       2 72  17.1336
355354543       2 10  39.3531
 29566856       3 71  8.12421
 34838197       3  2  84.3264
125728849       3 21  6.26169
161409663       3 17  21.0322
182044891       3 45  86.7479
207919907       3 62  21.2833
297282222       3  4  248.506
 88509400       4 48  4.76785e-07
 97873294       4  4  12.2772
180766177       4 32  16.1534
191955402       4 72  16.406
261456525       4 26  9.3769
325372792       4 43  19.3578
 10931148       5 69  14.165
160276833       5  7  4.99761
253346980       5  9  5.9513
278404546       5 64  17.5404
299045179       5 17  25.1137
327857552       5 71  7.18189
382507486       5 69  12.1983
 79718005       6 47  11.2813
 91862482       6  9  13.45
189085935       6 61  5.20922e-07
214518735       6 18  0.0665506
233144421       6 29  17.297
237419156       6  3  30.7196
 72236640       7 48  12.5287
 88106584       7 41  7.87945
 97042341       7 28  9.93862
116480699       7  2  8.33404
 48203924       8 34  1.15615e-10
134638920       8 35  6.41235
135980890       8 37  10.7045
224097803       8 72  0.1667
163635753       9 27  9.31618
 98642671      10 72  9.78043
323647967      10 35  5.64051
399378968      10 15  15.0885
   515044      11 60  8.74357
332207801      11 62  47.5651
 18132575      12 56  6.921
 27397041      12 50  40.6424
158682510      12  4  19.816
177836422      15 70  0.390954
293568074      16 47  6.43523
176162019      18 52  0.0402255
 57201099      19 17  416.186
194564044      19 17  432.806
212410712      19 17  369.23
234732266      19 17  839.673
265064057      19 17  248.209
286944815      19 30  558.179
297033038      19 17  170.654
382002624      19 30  495.996
388762702      19 30  210.547
401984940      19 30  244.231
385805218      20 30  497.497
174047117      21 49  4.39945e-06
